MESH: liver.obj
MESH_TRANSFORMATION: 1.0 0.0 0.0 0.0  0.0 0.0 1.0 0.0  0.0 -1.0 0.0 0.0  0.0 0.0 0.0 1.0
MESH_SCALE_TO: 0.1
VOXEL_SIZE: 2e-3 2e-3 2e-3 
NUM_LEVELS: 6
NUM_EMBEDDED_LEVELS: 2
ELASTIC_MODULUS: 2e3
POISSON_RATIO: 0.4
DENSITY: 2e3
DAMPING_FACTOR: 0.4
TIME_STEP: 0.01
GRAVITY: 0.0 0.0 -1.0
RENDERER_DEFAULT_VIEW_POS: 0.147015 -0.090932 0.164485
RENDERER_DEFAULT_HEADING_PITCH_ROLL: 124.283 25.2157 0
RENDERER_LIGHT_POS: 0.528602 -0.0876965 0.324108
RENDERER_LIGHT_DIR: -0.808153 0.487725 -0.330172
RENDERER_LIGHT_UP: -0.282682 0.1706 0.943921
EDITOR_FORCE_SPHERE_RADIUS: 0.01
FIXED_VERTICES: 14 27 1  15 27 1  15 28 1  15 27 2  15 25 3  15 26 3  15 25 4  15 26 2  16 27 2  16 27 3  16 26 3  16 26 4  13 28 0  14 28 0  14 29 0  15 29 0  15 30 0  16 28 1  16 29 1  16 30 1  16 25 4  16 25 5  17 27 3  17 28 3  17 27 4  17 30 1  17 30 2  17 28 2  17 29 2  18 29 3  18 29 4  17 27 5  17 26 5  18 27 5  18 28 5  18 28 4  10 21 44  10 22 44  9 22 44  9 23 44  10 23 44  9 24 44  11 22 45  12 22 45  11 23 45  12 23 45  10 23 45  10 24 45  11 24 45  7 24 43  7 25 43  7 26 43  7 28 44  7 29 44  8 24 44  8 25 44  9 25 44  8 26 44  8 27 44  9 25 45  10 25 45  9 26 45
