MESH: InputMesh/cube5.obj
MESH_TRANSFORMATION: 1.0 0.0 0.0 0.0  0.0 0.0 -1.0 0.0  0.0 1.0 0.0 0.0  0.0 0.0 0.0 1.0
VOXEL_SIZE: 1e-3 1e-3 1e-3 //5e-4 5e-4 5e-4 //4e-4 4e-4 4e-4 //2e-4 2e-4 2e-4 //2e-3 2e-3 2e-3 //4e-3 4e-3 4e-3 //
NUM_LEVELS: 6
ELASTIC_MODULUS: 2e6
POISSON_RATIO: 0.3
DENSITY: 2e3
DAMPING_FACTOR: 0.1
TIME_STEP: 0.02
GRAVITY: 0.0 0.0 -20.0
RENDERER_DEFAULT_VIEW_POS: 0.0993442 -0.238002 0.165987
RENDERER_DEFAULT_HEADING_PITCH_ROLL: 89.5744 1.0 0 // 89.5744 23.2732 0
RENDERER_LIGHT_POS: 0.276107 -0.139377 0.201796
RENDERER_LIGHT_DIR: -0.649188 0.584359 -0.486908
RENDERER_LIGHT_UP: -0.361891 0.325752 0.873453
EDITOR_FORCE_SPHERE_RADIUS: 0.01
EDITOR_FORCE_PER_PIXEL: 0.05
FIXED_VERTICES: 0 0 0  0 2 0  0 4 0  0 6 0  0 8 0  0 10 0  0 12 0  0 14 0  0 16 0  0 18 0  0 20 0  0 22 0  0 24 0  0 26 0  0 28 0  0 30 0  0 32 0  0 34 0  0 36 0  0 38 0  0 40 0  0 42 0  0 44 0  0 46 0  0 48 0  0 50 0  0 0 50  0 2 50  0 4 50  0 6 50  0 8 50  0 10 50  0 12 50  0 14 50  0 16 50  0 18 50  0 20 50  0 22 50  0 24 50  0 26 50  0 28 50  0 30 50  0 32 50  0 34 50  0 36 50  0 38 50  0 40 50  0 42 50  0 44 50  0 46 50  0 48 50  0 50 50  0 1 0  0 3 0  0 5 0  0 7 0  0 9 0  0 11 0  0 13 0  0 15 0  0 17 0  0 19 0  0 21 0  0 23 0  0 25 0  0 27 0  0 29 0  0 31 0  0 33 0  0 35 0  0 37 0  0 39 0  0 41 0  0 43 0  0 45 0  0 47 0  0 49 0  0 1 50  0 3 50  0 5 50  0 7 50  0 9 50  0 11 50  0 13 50  0 15 50  0 17 50  0 19 50  0 21 50  0 23 50  0 25 50  0 27 50  0 29 50  0 31 50  0 33 50  0 35 50  0 37 50  0 39 50  0 41 50  0 43 50  0 45 50  0 47 50  0 49 50  0 0 1  0 2 1  0 4 1  0 6 1  0 8 1  0 10 1  0 12 1  0 14 1  0 16 1  0 18 1  0 20 1  0 22 1  0 24 1  0 26 1  0 28 1  0 30 1  0 32 1  0 34 1  0 36 1  0 38 1  0 40 1  0 42 1  0 44 1  0 46 1  0 48 1  0 50 1  0 0 49  0 2 49  0 4 49  0 6 49  0 8 49  0 10 49  0 12 49  0 14 49  0 16 49  0 18 49  0 20 49  0 22 49  0 24 49  0 26 49  0 28 49  0 30 49  0 32 49  0 34 49  0 36 49  0 38 49  0 40 49  0 42 49  0 44 49  0 46 49  0 48 49  0 50 49  0 1 1  0 3 1  0 5 1  0 7 1  0 9 1  0 11 1  0 13 1  0 15 1  0 17 1  0 19 1  0 21 1  0 23 1  0 25 1  0 27 1  0 29 1  0 31 1  0 33 1  0 35 1  0 37 1  0 39 1  0 41 1  0 43 1  0 45 1  0 47 1  0 49 1  0 1 49  0 3 49  0 5 49  0 7 49  0 9 49  0 11 49  0 13 49  0 15 49  0 17 49  0 19 49  0 21 49  0 23 49  0 25 49  0 27 49  0 29 49  0 31 49  0 33 49  0 35 49  0 37 49  0 39 49  0 41 49  0 43 49  0 45 49  0 47 49  0 49 49
FORCES: 100 0 0 0 0 -0.01  100 2 0 0 0 -0.01  100 4 0 0 0 -0.01  100 6 0 0 0 -0.01  100 8 0 0 0 -0.01  100 10 0 0 0 -0.01  100 12 0 0 0 -0.01  100 14 0 0 0 -0.01  100 16 0 0 0 -0.01  100 18 0 0 0 -0.01  100 20 0 0 0 -0.01  100 22 0 0 0 -0.01  100 24 0 0 0 -0.01  100 26 0 0 0 -0.01  100 28 0 0 0 -0.01  100 30 0 0 0 -0.01  100 32 0 0 0 -0.01  100 34 0 0 0 -0.01  100 36 0 0 0 -0.01  100 38 0 0 0 -0.01  100 40 0 0 0 -0.01  100 42 0 0 0 -0.01  100 44 0 0 0 -0.01  100 46 0 0 0 -0.01  100 48 0 0 0 -0.01  100 50 0 0 0 -0.01  100 1 0 0 0 -0.01  100 3 0 0 0 -0.01  100 5 0 0 0 -0.01  100 7 0 0 0 -0.01  100 9 0 0 0 -0.01  100 11 0 0 0 -0.01  100 13 0 0 0 -0.01  100 15 0 0 0 -0.01  100 17 0 0 0 -0.01  100 19 0 0 0 -0.01  100 21 0 0 0 -0.01  100 23 0 0 0 -0.01  100 25 0 0 0 -0.01  100 27 0 0 0 -0.01  100 29 0 0 0 -0.01  100 31 0 0 0 -0.01  100 33 0 0 0 -0.01  100 35 0 0 0 -0.01  100 37 0 0 0 -0.01  100 39 0 0 0 -0.01  100 41 0 0 0 -0.01  100 43 0 0 0 -0.01  100 45 0 0 0 -0.01  100 47 0 0 0 -0.01  100 49 0 0 0 -0.01
