MESH: InputMesh/Kitten.obj
MESH_SCALE_TO: 0.1
MESH_TRANSFORMATION: 1.0 0.0 0.0 0.0  0.0 0.0 -1.0 0.0  0.0 1.0 0.0 0.0  0.0 0.0 0.0 1.0
VOXEL_SIZE: 1e-3 1e-3 1e-3 //2e-3 2e-3 2e-3 //5e-4 5e-4 5e-4 //4e-3 4e-3 4e-3 //
NUM_LEVELS: 4
ELASTIC_MODULUS: 2e6
POISSON_RATIO: 0.3
DENSITY: 2e3
DAMPING_FACTOR: 0.1
TIME_STEP: 0.02
GRAVITY: 0.0 0.0 -2.0
RENDERER_DEFAULT_VIEW_POS: 0.0993442 -0.238002 0.165987
RENDERER_DEFAULT_HEADING_PITCH_ROLL: 89.5744 23.2732 0
RENDERER_LIGHT_POS: 0.276107 -0.139377 0.201796
RENDERER_LIGHT_DIR: -0.649188 0.584359 -0.486908
RENDERER_LIGHT_UP: -0.361891 0.325752 0.873453
EDITOR_FORCE_SPHERE_RADIUS: 0.01
EDITOR_FORCE_PER_PIXEL: 0.05
FIXED_VERTICES: 4 30 66  2 32 68  6 32 74  8 32 74  10 32 74  4 32 76  6 32 76  8 32 76  10 32 76  4 32 78  6 32 78  8 32 78  8 32 80  4 32 84  6 32 84  10 40 84  4 36 86  6 36 86  8 36 86  5 30 64  11 28 66  5 30 66  11 28 68  5 30 68  7 30 68  9 30 68  11 30 70  5 32 74  7 32 74  9 32 74  3 32 76  5 32 76  7 32 76  9 32 76  3 32 78  5 32 78  7 32 78  9 32 78  3 32 80  7 32 80  11 30 82  3 32 82  5 32 82  7 32 82  3 32 84  5 32 84  7 32 84  3 34 86  7 34 86  9 34 86  3 36 86  5 36 86  7 36 86  9 36 86  6 29 66  8 29 66  10 29 66  2 33 68  4 31 70  6 31 70  8 31 70  10 31 70  4 31 72  10 31 72  10 31 80  4 33 86  6 33 86  8 33 86  4 35 86  6 35 86  8 35 86  7 29 66  9 29 66  11 29 68  3 31 70  5 31 70  7 31 70  9 31 70  3 31 72  5 31 72  11 31 72  11 31 78  11 31 80  9 31 82  3 33 86  5 33 86  7 33 86  9 33 86  5 35 86  10 28 65  4 32 65  10 30 69  2 32 69  6 32 73  8 32 73  4 32 75  6 32 75  8 32 75  10 32 75  4 32 77  6 32 77  8 32 77  10 32 77  4 32 79  6 32 79  8 32 79  4 32 81  6 32 81  4 32 83  4 32 85  6 32 85  8 32 85  10 32 85  10 38 85  9 28 65  11 28 65  5 30 67  7 30 67  9 30 67  11 30 69  5 32 73  7 32 73  9 32 73  9 32 75  3 32 79  5 32 79  7 32 79  9 32 79  3 32 81  5 32 81  7 32 81  11 30 83  3 32 83  5 32 83  5 32 85  7 32 85  9 32 85  11 32 85  9 38 85  11 38 85  4 31 65  10 29 67  2 31 69  10 31 73  8 31 83  10 31 83  11 27 65  7 29 65  9 29 65  3 31 67  11 29 69  3 31 69  9 31 69  3 31 71  5 31 71  7 31 71  9 31 71  11 31 73  11 31 75  11 31 79  9 31 81  9 31 83  3 33 85  11 37 85
